Scatterer_atmosphere
{
	Atmo
	{
		name = Aeneas
		Rg = 890000
		Rt = 900853.688
		RL = 911707.313
		HR = 8
		HM = 1
		BETA_MSca = 0.00499999989,0.00499999989,0.00499999989
		m_betaR = 0.000500000024,0.00100000005,0.000500000024
		m_mieG = 0.600000024
		assetPath = StrangeNewWorlds/Visuals/ScattererConfigs/Aeneas/Atmo
		experimentalAtmoScale = 2
		atmosphereGlobalScale = 1
		godrayStrength = 0.800000012
		flattenScaledSpaceMesh = 0
		rimBlend = 10
		rimpower = 20
		specR = 60
		specG = 55
		specB = 50
		shininess = 150
		cloudColorMultiplier = 4
		cloudScatteringMultiplier = 3
		cloudSkyIrradianceMultiplier = 1
		volumetricsColorMultiplier = 1
		EVEIntegration_preserveCloudColors = False
		configPoints
		{
			Item
			{
				altitude = 1000
				skyExposure = 2
				skyAlpha = 0.899999976
				skyExtinctionTint = 1
				scatteringExposure = 1
				extinctionThickness = 0.100000001
				postProcessAlpha = 1
				postProcessDepth = 0.100000001
				extinctionTint = 5
				openglThreshold = 10
				viewdirOffset = 0
			}
			Item
			{
				altitude = 20000
				skyExposure = 0.00499999989
				skyAlpha = 0.00899999961
				skyExtinctionTint = 0.00999999978
				scatteringExposure = 0.00100000005
				extinctionThickness = 0.100000001
				postProcessAlpha = 0.00999999978
				postProcessDepth = 9.99999975E-06
				extinctionTint = 0.0500000007
				openglThreshold = 10
				viewdirOffset = 0
			}
		}
	}
}
